INFO:root:the keys for RSA
INFO:root:[0, 204, 37, 7, 51, 113, 170, 6, 122, 150, 72, 61, 196, 198, 36, 30, 64, 125, 32, 69, 170, 16, 173, 228, 31, 135, 70, 150, 148, 162, 198, 115, 2, 26, 40, 150, 60, 74, 174, 84, 93, 222, 130, 240, 195, 106, 106, 202, 60, 134, 151, 214, 234, 172, 168, 90, 70, 224, 143, 104, 72, 63, 68, 118, 47, 169, 61, 224, 18, 59, 86, 245, 122, 197, 221, 166, 236, 48, 253, 162, 134, 159, 146, 128, 228, 231, 69, 164, 11, 148, 174, 214, 202, 29, 144, 83, 133, 202, 77, 221, 15, 202, 59, 254, 157, 132, 204, 221, 29, 75, 70, 247, 141, 217, 129, 32, 249, 213, 148, 120, 106, 134, 38, 227, 108, 244, 208, 43, 171]
INFO:root:[1, 0, 1]
INFO:root:[0, 196, 244, 144, 142, 252, 129, 186, 192, 120, 207, 119, 240, 169, 237, 220, 214, 1, 34, 170, 179, 154, 101, 250, 170, 196, 123, 192, 249, 228, 85, 172, 78, 1, 232, 216, 145, 144, 199, 194, 147, 210, 2, 232, 192, 208, 161, 249, 62, 13, 232, 222, 172, 9, 42, 95, 246, 243, 222, 200, 16, 180, 33, 156, 23, 66, 125, 189, 64, 188, 191, 59, 16, 216, 244, 42, 29, 126, 72, 254, 88, 216, 183, 170, 65, 84, 68, 220, 116, 245, 124, 101, 229, 108, 16, 221, 92, 56, 130, 54, 32, 92, 130, 114, 19, 238, 123, 21, 40, 15, 138, 152, 165, 35, 36, 143, 204, 189, 231, 204, 246, 157, 172, 84, 155, 157, 85, 247, 113]
INFO:root:the numbers for RSA keys
INFO:root:143355242138446042343464363949606692633424397638320704824518673197191885366276322839911603992802676961861127271567989940365176172520623248108857118565280681295170776331200183507756229730715901036026288742347680318695955469132061602683377055050626106799555864489850289667753599395423264906154452546875265395627
INFO:root:65537
INFO:root:138306736731492207628284911853909723797531031909812469984123337772330831741219244348150980497442978189748038760608090634898602685693676661346642762863178520172430110627139584936786991158633234128631857253587169703925210679195377918817537985937099522982814663555535866323725635103045538829506632604882415515505
INFO:root:the decrypted book key (in hex)
INFO:root:02:96:d3:80:eb:cc:89:a1:ff:0f:97:64:21:6b:f1:69:e3:a9:b7:5a:7e:d8:e8:2d:a9:27:78:90:8a:56:58:cd:4a:08:24:22:dd:88:a0:58:e1:18:d2:e4:ca:a3:ba:70:a7:6d:07:40:9e:2a:23:05:73:5e:23:b3:0c:a8:b4:43:f8:ee:a6:67:fb:56:b0:cc:59:e3:59:9b:e5:9c:ae:ca:3f:17:73:f8:69:1b:73:20:fe:2a:0d:91:8f:94:26:de:3c:db:a2:3e:f9:8f:0d:8c:d2:7b:fb:d6:92:8c:00:11:5c:31:5e:ee:76:fe:f5:4a:9e:04:51:8a:3d:93:ec
